41.5638466667 13.9086233333 14.6846416667 0
36.945466 -136.050156 108.086914 1
34.3594428571 -128.216647143 120.177701429 2
32.57212 -126.464657368 88.9172736842 3
30.98377575 -108.97577125 56.37686775 4
31.2912097917 -96.2562414583 30.3650260417 5
33.4498788608 -104.742979114 40.7591511392 6
34.7752413158 -101.029455 59.0201663158 7
34.8261883871 -91.0571787097 61.1959564516 8
34.9895872727 -98.6117618182 44.8338236364 9
32.78512 -103.025093333 56.2022 10
32.9180210714 -97.3851085714 46.7080707143 11
33.87212625 -109.582744583 69.4342 12
34.4625740909 -118.394724545 62.2615745455 13
33.3509908 -115.5051336 52.1943808 14
34.8992363158 -114.372507368 40.7424415789 15
34.0206462857 -102.380027429 45.4314545714 16
33.9153478571 -88.0375185714 47.4508685714 17
32.1981135484 -101.485663226 52.7749551613 18
32.7091666667 -124.85897 49.8667957143 19
35.6886061538 -65.8157215385 56.0614376923 20
34.9498214286 -117.044523571 44.4712157143 21
35.557947037 -86.0234607407 60.5551477778 22
36.6327837931 -74.3548837931 39.0122651724 23
36.044172 -61.9516449091 29.507586 24
37.9620357895 -59.4255007895 47.92623 25
36.7303150943 -73.1678973585 53.0382228302 26
38.4752289655 -70.1344791379 35.4030008621 27
37.8340751613 -67.5599335484 37.0068866129 28
39.0618729231 -45.4513343077 27.8765244615 29
39.3951935537 -39.2300342149 40.9671519008 30
38.382427963 -46.3559469444 26.0868663889 31
36.9860009486 -54.4365874308 25.1409832806 32
37.5467612336 -38.394262729 23.1988863551 33
36.8917608945 -40.480891127 14.7626589982 34
39.3236955747 -19.8327147126 25.0726440613 35
39.1038449816 -24.118129761 17.9291198162 36
39.0158478894 -19.6970034171 22.3215226131 37
39.8307982726 -26.5425309405 28.043355048 38
40.07192 -18.5077132014 19.2322086919 39
40.5701003922 -15.9849617301 22.2134136448 40
40.1635002824 -16.6744050706 23.4978539176 41
40.6730342871 -13.6694721586 23.6791924297 42
40.9006281947 -6.95815450915 19.689771198 43
40.8317202044 -7.08792141068 22.1077576203 44
40.7321696375 -6.94097930514 21.2067966949 45
40.6169134441 -11.0631017825 17.8639822256 46
40.8523341478 -12.9831829896 17.5939808569 47
40.341904373 -13.680433119 16.0893222937 48
40.3429312512 -10.7607069538 18.4961858181 49
40.9224854409 -9.16914810753 19.6421614022 50
41.0080447554 -8.87944769541 18.6507919012 51
41.3011937745 -4.43422892904 19.597837044 52
41.0997199182 -3.74652314257 18.5520386612 53
41.8750072453 2.81737294951 21.1502701727 54
41.7764381094 4.16498855603 22.902565953 55
42.0030424092 10.3774364735 18.8591577409 56
42.4102200215 12.9377164495 20.7234822334 57
42.2607378013 14.1467466069 19.1912324032 58
42.351016148 12.2999710993 19.4986570371 59
41.9413809439 14.3547307298 16.3808596854 60
42.035081831 14.4957186865 17.9661507534 61
42.230468284 19.685872507 17.6145949829 62
42.0872747078 15.3342848519 18.5178860582 63
41.7557335981 10.1315934397 18.2035559809 64
41.0585472378 13.080177328 15.704253217 65
41.2958524899 12.3243058126 16.9747250286 66
40.9820979821 9.68028140327 14.9805119058 67
40.8947515869 6.11261652561 14.4729273745 68
41.3224891213 6.49718161927 12.8262616065 69
41.4095585536 5.82408743777 10.731003151 70
41.6514852261 3.51471647675 10.6833315705 71
42.0411810808 3.94056952905 9.35508949856 72
42.2823550233 3.2783291862 7.10703891625 73
42.8450836308 4.20139240414 7.60380662585 74
42.8161647792 3.13806033696 5.12869976272 75
43.3522012911 4.43902571464 5.22623250214 76
43.5045361427 2.87052002247 5.35098906189 77
43.5722943605 0.850605934587 4.22490182436 78
43.8865733037 0.232133872998 5.76607153351 79
44.057475693 -1.46564611907 5.72487369944 80
44.1614857882 -2.28508682909 5.55209336132 81
44.5096335801 -0.428351151523 7.57341202963 82
44.5824565025 -1.09878732291 5.38806233532 83
44.8868589685 -0.115111765321 5.90942724333 84
44.9700531075 0.428994973755 5.13627751248 85
45.1248142756 0.605233405955 5.56785155194 86
45.1090548021 -2.1751586225 5.69259985771 87
51.0764 8.05611 26.78599 88
